tabela de conversao
(16) 1  0,8 0,4  0,2   0,1    0,08    0,04
(10) 1  0,5 0,25 0,125 0,0625 0,03125 0,01562500
(8)  1  0,4 0,2  0,1   0,04   0,02    0,01
(4)  1  0,2 0,1  0,02  0,01   0,002   0,001
(2)  1  0,1 0,01 0,001 0,0001 0,00001 0,000001
       2^-1 2^-2 2^-3  2^-4   2^-5    2^-6


exercicio 1)
a)  0,01001(2) = 0,25 + 0,03125               = 0,28125 (10)
b)  0,01011(2) = 0,25 + 0,0625 + 0,03125      = 0,34375 (10)
c)  0,11001(2) = 0,5 + 0,25 + 0,03125         = 0,78125 (10)
d)  1,10011(2) = 1 + 0,5 + 0,0625 + 0,03125   = 1,59375 (10)
e) 11,10110(2) = 2 + 1 + 0,5 + 0,125 + 0,0625 = 3,6875  (10)


exercicio 2)
a)  0,12500(10) =    0,001 (2) = 0,125
b)  0,62500(10) =    0,101 (2) = 0,5 + 0,125
c)  2,03125(10) = 10,00001 (2) = 2 + 0,03125
d)  3,25000(10) =    11,01 (2) = 2 + 1 + 0,25
e) 11,87500(10) = 1011,111 (2) = 8 + 2 + 1 + 0,5 + 0,25 + 0,125


exercicio 3)
a)  0,010101(2) = 0,1 + 0,01 + 0,001       = 0,111 (4)
b)  0,100111(2) = 0,4 + 0,04 + 0,02 + 0,01 = 0,47  (8)
c)  0,101010(2) = 0,A + 0,08               = 0,A8  (16)
d)  1,110001(2) = 1   + 0,6  + 0,01        = 1,61  (8)
e) 1101,1011(2) = D   + 0,8  + 0,2  + 0,1  = D,B   (16)


exercicio 4)
a) 0,312(4)  =  0,110110   (2)
b) 0,3D9(16) =  0,033121   (4)
c) 0,754(8)  =  0,11110110 (2)
d) 7,310(8)  = 13,121      (4)
e) A,B83(16) = 22,232003   (4)


exercicio 5)
a)     101,01  (2) +   11,101 (2) = 1000,111       (2)
b)    1001,011 (2) -   10,01  (2) =  111,001       (2)
c)     100,001 (2) *   11,01  (2) = 1101,01101     (2)
d)   10110,11  (2) /   10,101 (2) = 1000,100101... (2)
e) 1101001,0   (2) % 1011,0   (2) =  110,0         (2)